norm_data = [9.7427e-06, 0.000299014, 0.000814102, 0.00018302, 0.000795994, 8.94186e-05, 0.000154149, 0.00062134, 4.74893e-05, 0, 0.000358746, 0.000450001, 0.000391595, 0.000116096, 7.08514e-05, 0.000378282, 0.000142009, 0.00019817, ; ...
7.11953e-06, 0.00018104, 0.000648132, 0.000125355, 0.000707122, 5.11081e-05, 0.00011315, 0.000469381, 3.66147e-05, 0, 0.000287578, 0.000309954, 0.000224265, 0.000116201, 5.69563e-05, 0.000351908, 0.00010603, 0.000139085, ; ...
7.73908e-06, 0.00019214, 0.000509335, 9.43133e-05, 0.000609016, 5.42167e-05, 0.000109188, 0.000414202, 2.92317e-05, 0, 0.00027727, 0.000307795, 0.000279275, 8.51298e-05, 4.83746e-05, 0.000295249, 9.02605e-05, 0.000139562, ; ...
1.12305e-05, 0.000306394, 0.000772731, 0.000175703, 0.000799359, 7.93381e-05, 0.000156865, 0.000588334, 5.59714e-05, 0, 0.000349504, 0.000416434, 0.000350772, 0.000112124, 5.75111e-05, 0.000335466, 0.000129694, 0.000173439, ; ...
3.59341e-06, 0.000110106, 0.000366011, 7.00998e-05, 0.000387953, 3.23294e-05, 6.15782e-05, 0.000249401, 1.56594e-05, 0, 0.000164908, 0.000191212, 0.000130781, 4.8249e-05, 3.25556e-05, 0.000194376, 5.27323e-05, 7.64457e-05, ; ...
1.14161e-05, 0.000221287, 0.000586835, 9.84308e-05, 0.000695354, 5.72465e-05, 9.46475e-05, 0.000442839, 2.70137e-05, 0, 0.000288058, 0.000307239, 0.000254141, 7.67933e-05, 5.23017e-05, 0.00034391, 8.77116e-05, 0.000127369, ; ...
8.09575e-06, 0.000318763, 0.000870596, 0.000146605, 0.000796247, 9.63229e-05, 0.000151341, 0.000647715, 4.17454e-05, 0, 0.000418776, 0.000415967, 0.000254438, 0.00012788, 6.27283e-05, 0.000352468, 0.00014308, 0.000211205, ; ...
6.71201e-06, 0.000173036, 0.000503938, 8.2692e-05, 0.000462055, 5.36961e-05, 9.06122e-05, 0.000367684, 2.49687e-05, 0, 0.000223644, 0.000253983, 0.000200018, 5.74548e-05, 3.36943e-05, 0.000215724, 8.84643e-05, 0.000124978, ; ...
6.9729e-06, 0.000249632, 0.000606103, 0.000108276, 0.000614312, 5.73937e-05, 0.000115458, 0.00047669, 3.0686e-05, 0, 0.000288379, 0.000335274, 0.000291713, 7.83037e-05, 4.64686e-05, 0.000308862, 8.89937e-05, 0.000152246, ; ...
5.90799e-06, 0.000244064, 0.000664987, 0.000142, 0.000618745, 6.43295e-05, 0.000118316, 0.000481441, 2.93494e-05, 0, 0.000277346, 0.000320244, 0.00032215, 8.79268e-05, 4.72986e-05, 0.000302347, 9.80276e-05, 0.000136889, ; ...
3.42779e-06, 0.000182764, 0.0006223, 0.000124959, 0.000734794, 4.6431e-05, 0.000108754, 0.000435641, 3.52128e-05, 0, 0.000280767, 0.000341065, 0.000200837, 9.2862e-05, 5.34424e-05, 0.000384068, 7.88392e-05, 0.000106885, ; ...
7.8399e-06, 0.000237157, 0.000673007, 0.000116006, 0.000874762, 6.40667e-05, 0.000115516, 0.000500651, 2.68272e-05, 0, 0.000347896, 0.000395915, 0.000351571, 9.18739e-05, 5.91668e-05, 0.00039077, 0.000116006, 0.000176275, ; ...
6.49181e-06, 0.000282105, 0.000708684, 0.000138118, 0.000691013, 7.69006e-05, 0.000136525, 0.000529097, 3.73734e-05, 0, 0.000327093, 0.000385989, 0.000234661, 9.71799e-05, 6.24912e-05, 0.000324954, 0.000105553, 0.000163964, ; ...
7.52158e-06, 0.00033157, 0.000854284, 0.000153681, 0.000796302, 8.84699e-05, 0.000150213, 0.00066168, 3.45044e-05, 0, 0.000363373, 0.000422377, 0.000318061, 0.000102053, 7.18567e-05, 0.000359612, 0.000129218, 0.000203265, ; ...
6.01283e-06, 0.000295146, 0.000744104, 0.000146636, 0.000810181, 9.76924e-05, 0.000167584, 0.000595465, 3.47193e-05, 0, 0.000390511, 0.000473785, 0.000351977, 0.000100602, 7.66151e-05, 0.000350167, 0.000145407, 0.00022144, ; ...
5.70565e-06, 0.000291803, 0.000668524, 0.000133008, 0.000736918, 6.92829e-05, 0.000114187, 0.000511804, 3.29742e-05, 0, 0.000320183, 0.000337374, 0.000328927, 9.43284e-05, 6.15024e-05, 0.000341672, 0.000114261, 0.000161611, ; ...
9.10862e-06, 0.00029725, 0.00082759, 0.000170824, 0.000788617, 8.84482e-05, 0.00018048, 0.000689567, 4.86789e-05, 0, 0.000375196, 0.000426761, 0.000352797, 0.000114281, 6.12219e-05, 0.000343987, 0.000126376, 0.000198747, ; ...
7.86221e-06, 0.000250968, 0.000714669, 0.000141746, 0.000681467, 7.97533e-05, 0.000133827, 0.000515173, 3.42204e-05, 0, 0.000345428, 0.000377216, 0.000250742, 9.12921e-05, 5.76939e-05, 0.000316411, 0.000101926, 0.000141803, ; ...
1.17353e-05, 0.000395991, 0.000850808, 0.000158577, 0.000966807, 9.67409e-05, 0.000193632, 0.00078145, 4.34807e-05, 0, 0.000468358, 0.000393433, 0.000327083, 0.000132699, 7.52262e-05, 0.000471518, 0.000162338, 0.000248096, ; ...
1.34425e-05, 0.000287157, 0.000774292, 0.000150876, 0.00076684, 9.11164e-05, 0.000137406, 0.000567593, 3.21719e-05, 0, 0.000407943, 0.000417392, 0.000254001, 9.66565e-05, 5.46136e-05, 0.000333925, 0.000111393, 0.000188785, ; ...
1.12797e-05, 0.000284363, 0.000783641, 0.000119622, 0.000709052, 7.93578e-05, 0.000138755, 0.000592713, 3.7837e-05, 0, 0.000404242, 0.000379855, 0.000249296, 0.000105887, 5.25149e-05, 0.000333366, 0.000121364, 0.000184245, ; ...
1.10367e-05, 0.00033662, 0.000829966, 0.00015449, 0.000814966, 8.80749e-05, 0.000151913, 0.00065474, 5.15857e-05, 0, 0.000415287, 0.000414363, 0.000309538, 0.000116858, 7.86183e-05, 0.000384608, 0.000131298, 0.000206416, ; ...
4.40135e-06, 0.000345709, 0.000714922, 0.000119523, 0.000808631, 8.62789e-05, 0.000138408, 0.000549076, 3.02788e-05, 0, 0.000361285, 0.000363813, 0.000300166, 9.75788e-05, 6.46467e-05, 0.000383666, 0.000119523, 0.00015514, ; ...
3.23771e-06, 0.000253553, 0.000745483, 0.000150655, 0.000705214, 8.22581e-05, 0.000145899, 0.000575402, 4.18879e-05, 0, 0.000295846, 0.000393382, 0.000294126, 0.000104821, 5.93917e-05, 0.000310517, 0.000110386, 0.000166438, ; ...
5.42481e-06, 0.000330139, 0.000807744, 0.000154847, 0.00083734, 9.49896e-05, 0.000155032, 0.000654225, 4.34723e-05, 0, 0.000379995, 0.000402322, 0.000354975, 0.000118792, 6.98214e-05, 0.000381545, 0.000118386, 0.000198836, ; ...
4.13446e-06, 0.000237732, 0.000673401, 0.000155731, 0.000843603, 8.01052e-05, 0.00011387, 0.000512673, 3.87606e-05, 0, 0.000348673, 0.000389845, 0.000365383, 9.35422e-05, 7.56262e-05, 0.000407589, 0.000109219, 0.000189152, ; ...
5.38209e-06, 0.000366979, 0.000743924, 0.000134552, 0.000872396, 7.64456e-05, 0.000155084, 0.000546082, 4.1163e-05, 0, 0.000413324, 0.000425683, 0.000302593, 0.000101064, 6.82728e-05, 0.000387111, 0.000141629, 0.000196845, ; ...
1.09195e-06, 4.04476e-05, 0.000119644, 2.06105e-05, 0.000142499, 1.07678e-05, 1.79413e-05, 8.8736e-05, 6.03605e-06, 0, 5.76003e-05, 6.29084e-05, 8.08649e-05, 1.72437e-05, 9.96403e-06, 7.68762e-05, 2.31887e-05, 2.64494e-05, ; ...
2.01184e-05, 0.000323537, 0.000756836, 0.000125364, 0.000792283, 8.06106e-05, 0.000133439, 0.000636399, 5.05014e-05, 0, 0.000379513, 0.000394568, 0.00031382, 0.00011291, 6.43242e-05, 0.000394568, 0.000114278, 0.000210901, ; ...
1.29231e-05, 0.000282445, 0.000779662, 0.000134133, 0.000726021, 8.90378e-05, 0.000139139, 0.000553412, 3.43919e-05, 0, 0.000386857, 0.000412661, 0.000245184, 0.000104537, 5.01636e-05, 0.000316271, 0.000135536, 0.000200277, ; ...
1.68409e-05, 0.000237457, 0.000727302, 0.000153364, 0.000807015, 7.88154e-05, 0.00013585, 0.000513423, 3.7499e-05, 0, 0.000326826, 0.000372633, 0.000354894, 0.000109466, 9.08285e-05, 0.000361967, 0.000133717, 0.000170542, ; ...
7.88413e-06, 0.00021763, 0.000633372, 0.000108744, 0.000582384, 6.76985e-05, 0.000110194, 0.000459205, 3.37617e-05, 0, 0.000318657, 0.000312523, 0.000189486, 9.55513e-05, 4.98717e-05, 0.000258334, 0.000113228, 0.000156849, ; ...
8.74889e-06, 0.000258487, 0.000668591, 0.000117465, 0.000663087, 7.23576e-05, 0.000124797, 0.000519698, 3.0406e-05, 0, 0.000315336, 0.000344021, 0.000274227, 9.5682e-05, 4.93559e-05, 0.000315139, 9.51083e-05, 0.000144877, ; ...
2.78798e-06, 0.000298546, 0.00065959, 0.000165885, 0.000815252, 7.59725e-05, 0.000152642, 0.000499281, 4.2052e-05, 0, 0.000310163, 0.000326194, 0.000342457, 0.000115004, 7.41138e-05, 0.000376377, 0.000122207, 0.00015845, ; ...
